{
 "cells": [
  {
   "cell_type": "markdown",
   "metadata": {},
   "source": [
    "## Fronteira Eficiente de Markowitz"
   ]
  },
  {
   "cell_type": "code",
   "execution_count": 1,
   "metadata": {},
   "outputs": [
    {
     "name": "stderr",
     "output_type": "stream",
     "text": [
      "c:\\users\\wende\\appdata\\local\\programs\\python\\python38-32\\lib\\site-packages\\pandas_datareader\\compat\\__init__.py:7: FutureWarning: pandas.util.testing is deprecated. Use the functions in the public API at pandas.testing instead.\n",
      "  from pandas.util.testing import assert_frame_equal\n"
     ]
    }
   ],
   "source": [
    "# vamos importar os módulos necessários\n",
    "import pandas as pd\n",
    "import numpy as np\n",
    "import matplotlib.pyplot as plt\n",
    "import pandas_datareader.data as web\n",
    "from datetime import datetime"
   ]
  },
  {
   "cell_type": "markdown",
   "metadata": {},
   "source": [
    "### Vamos usar os dados do Yahoo Finance ou do Google Finance"
   ]
  },
  {
   "cell_type": "code",
   "execution_count": 20,
   "metadata": {},
   "outputs": [],
   "source": [
    "# download dos dados pelo Yahoo Finance!\n",
    "\n",
    "start = datetime(2016, 1, 1)\n",
    "end = datetime(2020, 7, 1)\n",
    "acoes = ['WIZS3.SA','COGN3.SA','ITSA4.SA','USIM5.SA','VVAR3.SA','MILS3.SA']\n",
    "dados = web.get_data_yahoo(acoes, start)['Adj Close']"
   ]
  },
  {
   "cell_type": "code",
   "execution_count": 21,
   "metadata": {},
   "outputs": [
    {
     "data": {
      "text/html": [
       "<div>\n",
       "<style scoped>\n",
       "    .dataframe tbody tr th:only-of-type {\n",
       "        vertical-align: middle;\n",
       "    }\n",
       "\n",
       "    .dataframe tbody tr th {\n",
       "        vertical-align: top;\n",
       "    }\n",
       "\n",
       "    .dataframe thead th {\n",
       "        text-align: right;\n",
       "    }\n",
       "</style>\n",
       "<table border=\"1\" class=\"dataframe\">\n",
       "  <thead>\n",
       "    <tr style=\"text-align: right;\">\n",
       "      <th>Symbols</th>\n",
       "      <th>WIZS3.SA</th>\n",
       "      <th>COGN3.SA</th>\n",
       "      <th>ITSA4.SA</th>\n",
       "      <th>USIM5.SA</th>\n",
       "      <th>VVAR3.SA</th>\n",
       "      <th>MILS3.SA</th>\n",
       "    </tr>\n",
       "  </thead>\n",
       "  <tbody>\n",
       "    <tr>\n",
       "      <th>count</th>\n",
       "      <td>1122.000000</td>\n",
       "      <td>1122.000000</td>\n",
       "      <td>1122.000000</td>\n",
       "      <td>1122.000000</td>\n",
       "      <td>1122.000000</td>\n",
       "      <td>1122.000000</td>\n",
       "    </tr>\n",
       "    <tr>\n",
       "      <th>mean</th>\n",
       "      <td>9.644244</td>\n",
       "      <td>11.812926</td>\n",
       "      <td>8.890271</td>\n",
       "      <td>6.649265</td>\n",
       "      <td>5.934934</td>\n",
       "      <td>4.605348</td>\n",
       "    </tr>\n",
       "    <tr>\n",
       "      <th>std</th>\n",
       "      <td>2.654503</td>\n",
       "      <td>2.995926</td>\n",
       "      <td>2.645587</td>\n",
       "      <td>2.918288</td>\n",
       "      <td>3.042663</td>\n",
       "      <td>1.757668</td>\n",
       "    </tr>\n",
       "    <tr>\n",
       "      <th>min</th>\n",
       "      <td>5.439768</td>\n",
       "      <td>3.660000</td>\n",
       "      <td>3.805703</td>\n",
       "      <td>0.824459</td>\n",
       "      <td>1.073703</td>\n",
       "      <td>1.700000</td>\n",
       "    </tr>\n",
       "    <tr>\n",
       "      <th>25%</th>\n",
       "      <td>7.325379</td>\n",
       "      <td>10.213398</td>\n",
       "      <td>6.701859</td>\n",
       "      <td>4.033091</td>\n",
       "      <td>3.734020</td>\n",
       "      <td>3.580000</td>\n",
       "    </tr>\n",
       "    <tr>\n",
       "      <th>50%</th>\n",
       "      <td>9.330450</td>\n",
       "      <td>11.489263</td>\n",
       "      <td>8.680361</td>\n",
       "      <td>7.604622</td>\n",
       "      <td>5.280000</td>\n",
       "      <td>4.300000</td>\n",
       "    </tr>\n",
       "    <tr>\n",
       "      <th>75%</th>\n",
       "      <td>11.064713</td>\n",
       "      <td>13.576168</td>\n",
       "      <td>11.110457</td>\n",
       "      <td>9.058994</td>\n",
       "      <td>7.561929</td>\n",
       "      <td>5.250000</td>\n",
       "    </tr>\n",
       "    <tr>\n",
       "      <th>max</th>\n",
       "      <td>17.236700</td>\n",
       "      <td>20.149920</td>\n",
       "      <td>14.049962</td>\n",
       "      <td>12.366889</td>\n",
       "      <td>16.639999</td>\n",
       "      <td>10.850000</td>\n",
       "    </tr>\n",
       "  </tbody>\n",
       "</table>\n",
       "</div>"
      ],
      "text/plain": [
       "Symbols     WIZS3.SA     COGN3.SA     ITSA4.SA     USIM5.SA     VVAR3.SA  \\\n",
       "count    1122.000000  1122.000000  1122.000000  1122.000000  1122.000000   \n",
       "mean        9.644244    11.812926     8.890271     6.649265     5.934934   \n",
       "std         2.654503     2.995926     2.645587     2.918288     3.042663   \n",
       "min         5.439768     3.660000     3.805703     0.824459     1.073703   \n",
       "25%         7.325379    10.213398     6.701859     4.033091     3.734020   \n",
       "50%         9.330450    11.489263     8.680361     7.604622     5.280000   \n",
       "75%        11.064713    13.576168    11.110457     9.058994     7.561929   \n",
       "max        17.236700    20.149920    14.049962    12.366889    16.639999   \n",
       "\n",
       "Symbols     MILS3.SA  \n",
       "count    1122.000000  \n",
       "mean        4.605348  \n",
       "std         1.757668  \n",
       "min         1.700000  \n",
       "25%         3.580000  \n",
       "50%         4.300000  \n",
       "75%         5.250000  \n",
       "max        10.850000  "
      ]
     },
     "execution_count": 21,
     "metadata": {},
     "output_type": "execute_result"
    }
   ],
   "source": [
    "# checando os dados\n",
    "dados.describe()"
   ]
  },
  {
   "cell_type": "code",
   "execution_count": 22,
   "metadata": {},
   "outputs": [
    {
     "data": {
      "text/html": [
       "<div>\n",
       "<style scoped>\n",
       "    .dataframe tbody tr th:only-of-type {\n",
       "        vertical-align: middle;\n",
       "    }\n",
       "\n",
       "    .dataframe tbody tr th {\n",
       "        vertical-align: top;\n",
       "    }\n",
       "\n",
       "    .dataframe thead th {\n",
       "        text-align: right;\n",
       "    }\n",
       "</style>\n",
       "<table border=\"1\" class=\"dataframe\">\n",
       "  <thead>\n",
       "    <tr style=\"text-align: right;\">\n",
       "      <th>Symbols</th>\n",
       "      <th>WIZS3.SA</th>\n",
       "      <th>COGN3.SA</th>\n",
       "      <th>ITSA4.SA</th>\n",
       "      <th>USIM5.SA</th>\n",
       "      <th>VVAR3.SA</th>\n",
       "      <th>MILS3.SA</th>\n",
       "    </tr>\n",
       "    <tr>\n",
       "      <th>Date</th>\n",
       "      <th></th>\n",
       "      <th></th>\n",
       "      <th></th>\n",
       "      <th></th>\n",
       "      <th></th>\n",
       "      <th></th>\n",
       "    </tr>\n",
       "  </thead>\n",
       "  <tbody>\n",
       "    <tr>\n",
       "      <th>2020-07-01</th>\n",
       "      <td>10.72</td>\n",
       "      <td>6.97</td>\n",
       "      <td>9.79</td>\n",
       "      <td>7.34</td>\n",
       "      <td>15.99</td>\n",
       "      <td>5.91</td>\n",
       "    </tr>\n",
       "    <tr>\n",
       "      <th>2020-07-02</th>\n",
       "      <td>10.81</td>\n",
       "      <td>6.92</td>\n",
       "      <td>9.95</td>\n",
       "      <td>7.35</td>\n",
       "      <td>15.39</td>\n",
       "      <td>6.35</td>\n",
       "    </tr>\n",
       "    <tr>\n",
       "      <th>2020-07-03</th>\n",
       "      <td>11.01</td>\n",
       "      <td>7.20</td>\n",
       "      <td>9.97</td>\n",
       "      <td>7.46</td>\n",
       "      <td>15.55</td>\n",
       "      <td>7.17</td>\n",
       "    </tr>\n",
       "    <tr>\n",
       "      <th>2020-07-06</th>\n",
       "      <td>10.98</td>\n",
       "      <td>7.60</td>\n",
       "      <td>10.36</td>\n",
       "      <td>7.61</td>\n",
       "      <td>15.96</td>\n",
       "      <td>7.00</td>\n",
       "    </tr>\n",
       "    <tr>\n",
       "      <th>2020-07-07</th>\n",
       "      <td>10.95</td>\n",
       "      <td>7.45</td>\n",
       "      <td>9.99</td>\n",
       "      <td>7.45</td>\n",
       "      <td>15.86</td>\n",
       "      <td>7.06</td>\n",
       "    </tr>\n",
       "  </tbody>\n",
       "</table>\n",
       "</div>"
      ],
      "text/plain": [
       "Symbols     WIZS3.SA  COGN3.SA  ITSA4.SA  USIM5.SA  VVAR3.SA  MILS3.SA\n",
       "Date                                                                  \n",
       "2020-07-01     10.72      6.97      9.79      7.34     15.99      5.91\n",
       "2020-07-02     10.81      6.92      9.95      7.35     15.39      6.35\n",
       "2020-07-03     11.01      7.20      9.97      7.46     15.55      7.17\n",
       "2020-07-06     10.98      7.60     10.36      7.61     15.96      7.00\n",
       "2020-07-07     10.95      7.45      9.99      7.45     15.86      7.06"
      ]
     },
     "execution_count": 22,
     "metadata": {},
     "output_type": "execute_result"
    }
   ],
   "source": [
    "dados.tail()"
   ]
  },
  {
   "cell_type": "markdown",
   "metadata": {},
   "source": [
    "### Calculando os retornos"
   ]
  },
  {
   "cell_type": "code",
   "execution_count": 23,
   "metadata": {},
   "outputs": [],
   "source": [
    "# calculo dos retornos diários e anuais\n",
    "retorno_diario = dados.pct_change()\n",
    "retorno_anual = retorno_diario.mean() * 250"
   ]
  },
  {
   "cell_type": "code",
   "execution_count": 24,
   "metadata": {},
   "outputs": [
    {
     "data": {
      "text/plain": [
       "Symbols\n",
       "COGN3.SA    0.108680\n",
       "ITSA4.SA    0.257890\n",
       "USIM5.SA    0.588291\n",
       "VVAR3.SA    0.831844\n",
       "MILS3.SA    0.413125\n",
       "dtype: float64"
      ]
     },
     "execution_count": 24,
     "metadata": {},
     "output_type": "execute_result"
    }
   ],
   "source": [
    "retorno_anual.tail()"
   ]
  },
  {
   "cell_type": "markdown",
   "metadata": {},
   "source": [
    "### Calculando a covariância"
   ]
  },
  {
   "cell_type": "code",
   "execution_count": 26,
   "metadata": {},
   "outputs": [
    {
     "data": {
      "text/html": [
       "<div>\n",
       "<style scoped>\n",
       "    .dataframe tbody tr th:only-of-type {\n",
       "        vertical-align: middle;\n",
       "    }\n",
       "\n",
       "    .dataframe tbody tr th {\n",
       "        vertical-align: top;\n",
       "    }\n",
       "\n",
       "    .dataframe thead th {\n",
       "        text-align: right;\n",
       "    }\n",
       "</style>\n",
       "<table border=\"1\" class=\"dataframe\">\n",
       "  <thead>\n",
       "    <tr style=\"text-align: right;\">\n",
       "      <th>Symbols</th>\n",
       "      <th>WIZS3.SA</th>\n",
       "      <th>COGN3.SA</th>\n",
       "      <th>ITSA4.SA</th>\n",
       "      <th>USIM5.SA</th>\n",
       "      <th>VVAR3.SA</th>\n",
       "      <th>MILS3.SA</th>\n",
       "    </tr>\n",
       "    <tr>\n",
       "      <th>Symbols</th>\n",
       "      <th></th>\n",
       "      <th></th>\n",
       "      <th></th>\n",
       "      <th></th>\n",
       "      <th></th>\n",
       "      <th></th>\n",
       "    </tr>\n",
       "  </thead>\n",
       "  <tbody>\n",
       "    <tr>\n",
       "      <th>WIZS3.SA</th>\n",
       "      <td>0.215769</td>\n",
       "      <td>0.067580</td>\n",
       "      <td>0.046115</td>\n",
       "      <td>0.072346</td>\n",
       "      <td>0.092279</td>\n",
       "      <td>0.077016</td>\n",
       "    </tr>\n",
       "    <tr>\n",
       "      <th>COGN3.SA</th>\n",
       "      <td>0.067580</td>\n",
       "      <td>0.273134</td>\n",
       "      <td>0.086628</td>\n",
       "      <td>0.136428</td>\n",
       "      <td>0.138497</td>\n",
       "      <td>0.109706</td>\n",
       "    </tr>\n",
       "    <tr>\n",
       "      <th>ITSA4.SA</th>\n",
       "      <td>0.046115</td>\n",
       "      <td>0.086628</td>\n",
       "      <td>0.107072</td>\n",
       "      <td>0.109412</td>\n",
       "      <td>0.085210</td>\n",
       "      <td>0.082540</td>\n",
       "    </tr>\n",
       "    <tr>\n",
       "      <th>USIM5.SA</th>\n",
       "      <td>0.072346</td>\n",
       "      <td>0.136428</td>\n",
       "      <td>0.109412</td>\n",
       "      <td>0.444036</td>\n",
       "      <td>0.149252</td>\n",
       "      <td>0.155599</td>\n",
       "    </tr>\n",
       "    <tr>\n",
       "      <th>VVAR3.SA</th>\n",
       "      <td>0.092279</td>\n",
       "      <td>0.138497</td>\n",
       "      <td>0.085210</td>\n",
       "      <td>0.149252</td>\n",
       "      <td>0.504070</td>\n",
       "      <td>0.128884</td>\n",
       "    </tr>\n",
       "    <tr>\n",
       "      <th>MILS3.SA</th>\n",
       "      <td>0.077016</td>\n",
       "      <td>0.109706</td>\n",
       "      <td>0.082540</td>\n",
       "      <td>0.155599</td>\n",
       "      <td>0.128884</td>\n",
       "      <td>0.375031</td>\n",
       "    </tr>\n",
       "  </tbody>\n",
       "</table>\n",
       "</div>"
      ],
      "text/plain": [
       "Symbols   WIZS3.SA  COGN3.SA  ITSA4.SA  USIM5.SA  VVAR3.SA  MILS3.SA\n",
       "Symbols                                                             \n",
       "WIZS3.SA  0.215769  0.067580  0.046115  0.072346  0.092279  0.077016\n",
       "COGN3.SA  0.067580  0.273134  0.086628  0.136428  0.138497  0.109706\n",
       "ITSA4.SA  0.046115  0.086628  0.107072  0.109412  0.085210  0.082540\n",
       "USIM5.SA  0.072346  0.136428  0.109412  0.444036  0.149252  0.155599\n",
       "VVAR3.SA  0.092279  0.138497  0.085210  0.149252  0.504070  0.128884\n",
       "MILS3.SA  0.077016  0.109706  0.082540  0.155599  0.128884  0.375031"
      ]
     },
     "execution_count": 26,
     "metadata": {},
     "output_type": "execute_result"
    }
   ],
   "source": [
    "# cálculo da covariância diária e anual\n",
    "cov_diaria = retorno_diario.cov()\n",
    "cov_anual = cov_diaria * 250\n",
    "cov_anual"
   ]
  },
  {
   "cell_type": "markdown",
   "metadata": {},
   "source": [
    "### Calulando a correlação"
   ]
  },
  {
   "cell_type": "code",
   "execution_count": 27,
   "metadata": {},
   "outputs": [
    {
     "data": {
      "text/html": [
       "<div>\n",
       "<style scoped>\n",
       "    .dataframe tbody tr th:only-of-type {\n",
       "        vertical-align: middle;\n",
       "    }\n",
       "\n",
       "    .dataframe tbody tr th {\n",
       "        vertical-align: top;\n",
       "    }\n",
       "\n",
       "    .dataframe thead th {\n",
       "        text-align: right;\n",
       "    }\n",
       "</style>\n",
       "<table border=\"1\" class=\"dataframe\">\n",
       "  <thead>\n",
       "    <tr style=\"text-align: right;\">\n",
       "      <th>Symbols</th>\n",
       "      <th>WIZS3.SA</th>\n",
       "      <th>COGN3.SA</th>\n",
       "      <th>ITSA4.SA</th>\n",
       "      <th>USIM5.SA</th>\n",
       "      <th>VVAR3.SA</th>\n",
       "      <th>MILS3.SA</th>\n",
       "    </tr>\n",
       "    <tr>\n",
       "      <th>Symbols</th>\n",
       "      <th></th>\n",
       "      <th></th>\n",
       "      <th></th>\n",
       "      <th></th>\n",
       "      <th></th>\n",
       "      <th></th>\n",
       "    </tr>\n",
       "  </thead>\n",
       "  <tbody>\n",
       "    <tr>\n",
       "      <th>WIZS3.SA</th>\n",
       "      <td>1.000000</td>\n",
       "      <td>0.278378</td>\n",
       "      <td>0.303393</td>\n",
       "      <td>0.233729</td>\n",
       "      <td>0.279810</td>\n",
       "      <td>0.270741</td>\n",
       "    </tr>\n",
       "    <tr>\n",
       "      <th>COGN3.SA</th>\n",
       "      <td>0.278378</td>\n",
       "      <td>1.000000</td>\n",
       "      <td>0.506563</td>\n",
       "      <td>0.391748</td>\n",
       "      <td>0.373256</td>\n",
       "      <td>0.342775</td>\n",
       "    </tr>\n",
       "    <tr>\n",
       "      <th>ITSA4.SA</th>\n",
       "      <td>0.303393</td>\n",
       "      <td>0.506563</td>\n",
       "      <td>1.000000</td>\n",
       "      <td>0.501784</td>\n",
       "      <td>0.366782</td>\n",
       "      <td>0.411902</td>\n",
       "    </tr>\n",
       "    <tr>\n",
       "      <th>USIM5.SA</th>\n",
       "      <td>0.233729</td>\n",
       "      <td>0.391748</td>\n",
       "      <td>0.501784</td>\n",
       "      <td>1.000000</td>\n",
       "      <td>0.315476</td>\n",
       "      <td>0.381297</td>\n",
       "    </tr>\n",
       "    <tr>\n",
       "      <th>VVAR3.SA</th>\n",
       "      <td>0.279810</td>\n",
       "      <td>0.373256</td>\n",
       "      <td>0.366782</td>\n",
       "      <td>0.315476</td>\n",
       "      <td>1.000000</td>\n",
       "      <td>0.296429</td>\n",
       "    </tr>\n",
       "    <tr>\n",
       "      <th>MILS3.SA</th>\n",
       "      <td>0.270741</td>\n",
       "      <td>0.342775</td>\n",
       "      <td>0.411902</td>\n",
       "      <td>0.381297</td>\n",
       "      <td>0.296429</td>\n",
       "      <td>1.000000</td>\n",
       "    </tr>\n",
       "  </tbody>\n",
       "</table>\n",
       "</div>"
      ],
      "text/plain": [
       "Symbols   WIZS3.SA  COGN3.SA  ITSA4.SA  USIM5.SA  VVAR3.SA  MILS3.SA\n",
       "Symbols                                                             \n",
       "WIZS3.SA  1.000000  0.278378  0.303393  0.233729  0.279810  0.270741\n",
       "COGN3.SA  0.278378  1.000000  0.506563  0.391748  0.373256  0.342775\n",
       "ITSA4.SA  0.303393  0.506563  1.000000  0.501784  0.366782  0.411902\n",
       "USIM5.SA  0.233729  0.391748  0.501784  1.000000  0.315476  0.381297\n",
       "VVAR3.SA  0.279810  0.373256  0.366782  0.315476  1.000000  0.296429\n",
       "MILS3.SA  0.270741  0.342775  0.411902  0.381297  0.296429  1.000000"
      ]
     },
     "execution_count": 27,
     "metadata": {},
     "output_type": "execute_result"
    }
   ],
   "source": [
    "corr = retorno_diario.corr()\n",
    "corr"
   ]
  },
  {
   "cell_type": "markdown",
   "metadata": {},
   "source": [
    "### Criando listas para armanezar as principais variáveis"
   ]
  },
  {
   "cell_type": "code",
   "execution_count": 37,
   "metadata": {},
   "outputs": [],
   "source": [
    "# vamos criar 4 listas para armazenar os valores do retorno da carteira, o peso de cada ação, a volatilidade e o sharpe ratio\n",
    "# empty lists to store returns, volatility and weights of imiginary portfolios\n",
    "retorno_carteira = []\n",
    "peso_acoes = []\n",
    "volatilidade_carteira = []\n",
    "sharpe_ratio = []"
   ]
  },
  {
   "cell_type": "markdown",
   "metadata": {},
   "source": [
    "### Simulando o número de portfólios"
   ]
  },
  {
   "cell_type": "code",
   "execution_count": 38,
   "metadata": {},
   "outputs": [],
   "source": [
    "# vamos usar uma simulação aleatória\n",
    "numero_acoes = len(acoes)\n",
    "numero_carteiras = 100000\n",
    "\n",
    "np.random.seed(101)"
   ]
  },
  {
   "cell_type": "code",
   "execution_count": 39,
   "metadata": {},
   "outputs": [],
   "source": [
    "# vamos fazer um for loop para preencher as lista que criamos anteriormente\n",
    "for cada_carteira in range(numero_carteiras):\n",
    "    # vamos dar um peso aleatório para cada ação dentro de cada carteira\n",
    "    peso = np.random.random(numero_acoes)\n",
    "    peso /= np.sum(peso)\n",
    "    # vamos calcular o retorno das carteiras\n",
    "    retorno = np.dot(peso, retorno_anual)\n",
    "    # vamos calcular a volatilidade das carteiras\n",
    "    volatilidade = np.sqrt(np.dot(peso.T, np.dot(cov_anual, peso)))\n",
    "    # vamos calcular o índice de Sharpe de cada carteira\n",
    "    sharpe = retorno / volatilidade\n",
    "    # aqui nós usamos o método apend para incluir cada carteira nas listas criadas anteriormente\n",
    "    sharpe_ratio.append(sharpe)\n",
    "    retorno_carteira.append(retorno)\n",
    "    volatilidade_carteira.append(volatilidade)\n",
    "    peso_acoes.append(peso)"
   ]
  },
  {
   "cell_type": "markdown",
   "metadata": {},
   "source": [
    "### Criando dicionário com os dados"
   ]
  },
  {
   "cell_type": "code",
   "execution_count": 40,
   "metadata": {},
   "outputs": [
    {
     "data": {
      "text/html": [
       "<div>\n",
       "<style scoped>\n",
       "    .dataframe tbody tr th:only-of-type {\n",
       "        vertical-align: middle;\n",
       "    }\n",
       "\n",
       "    .dataframe tbody tr th {\n",
       "        vertical-align: top;\n",
       "    }\n",
       "\n",
       "    .dataframe thead th {\n",
       "        text-align: right;\n",
       "    }\n",
       "</style>\n",
       "<table border=\"1\" class=\"dataframe\">\n",
       "  <thead>\n",
       "    <tr style=\"text-align: right;\">\n",
       "      <th></th>\n",
       "      <th>Retorno</th>\n",
       "      <th>Volatilidade</th>\n",
       "      <th>Sharpe Ratio</th>\n",
       "      <th>WIZS3.SA Peso</th>\n",
       "      <th>COGN3.SA Peso</th>\n",
       "      <th>ITSA4.SA Peso</th>\n",
       "      <th>USIM5.SA Peso</th>\n",
       "      <th>VVAR3.SA Peso</th>\n",
       "      <th>MILS3.SA Peso</th>\n",
       "    </tr>\n",
       "  </thead>\n",
       "  <tbody>\n",
       "    <tr>\n",
       "      <th>0</th>\n",
       "      <td>0.426378</td>\n",
       "      <td>0.409454</td>\n",
       "      <td>1.041333</td>\n",
       "      <td>0.184018</td>\n",
       "      <td>0.203357</td>\n",
       "      <td>0.010147</td>\n",
       "      <td>0.061122</td>\n",
       "      <td>0.244198</td>\n",
       "      <td>0.297158</td>\n",
       "    </tr>\n",
       "    <tr>\n",
       "      <th>1</th>\n",
       "      <td>0.353775</td>\n",
       "      <td>0.367788</td>\n",
       "      <td>0.961898</td>\n",
       "      <td>0.101698</td>\n",
       "      <td>0.296053</td>\n",
       "      <td>0.239047</td>\n",
       "      <td>0.062927</td>\n",
       "      <td>0.183615</td>\n",
       "      <td>0.116661</td>\n",
       "    </tr>\n",
       "    <tr>\n",
       "      <th>2</th>\n",
       "      <td>0.290718</td>\n",
       "      <td>0.355083</td>\n",
       "      <td>0.818733</td>\n",
       "      <td>0.063767</td>\n",
       "      <td>0.275414</td>\n",
       "      <td>0.338476</td>\n",
       "      <td>0.081458</td>\n",
       "      <td>0.029295</td>\n",
       "      <td>0.211590</td>\n",
       "    </tr>\n",
       "    <tr>\n",
       "      <th>3</th>\n",
       "      <td>0.320027</td>\n",
       "      <td>0.343678</td>\n",
       "      <td>0.931185</td>\n",
       "      <td>0.304412</td>\n",
       "      <td>0.115351</td>\n",
       "      <td>0.286169</td>\n",
       "      <td>0.216250</td>\n",
       "      <td>0.020246</td>\n",
       "      <td>0.057571</td>\n",
       "    </tr>\n",
       "    <tr>\n",
       "      <th>4</th>\n",
       "      <td>0.409957</td>\n",
       "      <td>0.397599</td>\n",
       "      <td>1.031080</td>\n",
       "      <td>0.052556</td>\n",
       "      <td>0.279497</td>\n",
       "      <td>0.146356</td>\n",
       "      <td>0.162695</td>\n",
       "      <td>0.206554</td>\n",
       "      <td>0.152343</td>\n",
       "    </tr>\n",
       "    <tr>\n",
       "      <th>...</th>\n",
       "      <td>...</td>\n",
       "      <td>...</td>\n",
       "      <td>...</td>\n",
       "      <td>...</td>\n",
       "      <td>...</td>\n",
       "      <td>...</td>\n",
       "      <td>...</td>\n",
       "      <td>...</td>\n",
       "      <td>...</td>\n",
       "    </tr>\n",
       "    <tr>\n",
       "      <th>99995</th>\n",
       "      <td>0.453416</td>\n",
       "      <td>0.395569</td>\n",
       "      <td>1.146238</td>\n",
       "      <td>0.198040</td>\n",
       "      <td>0.159540</td>\n",
       "      <td>0.180336</td>\n",
       "      <td>0.082707</td>\n",
       "      <td>0.337569</td>\n",
       "      <td>0.041809</td>\n",
       "    </tr>\n",
       "    <tr>\n",
       "      <th>99996</th>\n",
       "      <td>0.381196</td>\n",
       "      <td>0.372395</td>\n",
       "      <td>1.023634</td>\n",
       "      <td>0.342747</td>\n",
       "      <td>0.155809</td>\n",
       "      <td>0.085799</td>\n",
       "      <td>0.211290</td>\n",
       "      <td>0.141557</td>\n",
       "      <td>0.062798</td>\n",
       "    </tr>\n",
       "    <tr>\n",
       "      <th>99997</th>\n",
       "      <td>0.370335</td>\n",
       "      <td>0.373424</td>\n",
       "      <td>0.991728</td>\n",
       "      <td>0.306569</td>\n",
       "      <td>0.187656</td>\n",
       "      <td>0.084687</td>\n",
       "      <td>0.020317</td>\n",
       "      <td>0.201248</td>\n",
       "      <td>0.199523</td>\n",
       "    </tr>\n",
       "    <tr>\n",
       "      <th>99998</th>\n",
       "      <td>0.409035</td>\n",
       "      <td>0.387716</td>\n",
       "      <td>1.054986</td>\n",
       "      <td>0.311092</td>\n",
       "      <td>0.020411</td>\n",
       "      <td>0.094798</td>\n",
       "      <td>0.084108</td>\n",
       "      <td>0.151258</td>\n",
       "      <td>0.338333</td>\n",
       "    </tr>\n",
       "    <tr>\n",
       "      <th>99999</th>\n",
       "      <td>0.515404</td>\n",
       "      <td>0.423242</td>\n",
       "      <td>1.217753</td>\n",
       "      <td>0.037527</td>\n",
       "      <td>0.052386</td>\n",
       "      <td>0.163168</td>\n",
       "      <td>0.218210</td>\n",
       "      <td>0.269202</td>\n",
       "      <td>0.259507</td>\n",
       "    </tr>\n",
       "  </tbody>\n",
       "</table>\n",
       "<p>100000 rows × 9 columns</p>\n",
       "</div>"
      ],
      "text/plain": [
       "        Retorno  Volatilidade  Sharpe Ratio  WIZS3.SA Peso  COGN3.SA Peso  \\\n",
       "0      0.426378      0.409454      1.041333       0.184018       0.203357   \n",
       "1      0.353775      0.367788      0.961898       0.101698       0.296053   \n",
       "2      0.290718      0.355083      0.818733       0.063767       0.275414   \n",
       "3      0.320027      0.343678      0.931185       0.304412       0.115351   \n",
       "4      0.409957      0.397599      1.031080       0.052556       0.279497   \n",
       "...         ...           ...           ...            ...            ...   \n",
       "99995  0.453416      0.395569      1.146238       0.198040       0.159540   \n",
       "99996  0.381196      0.372395      1.023634       0.342747       0.155809   \n",
       "99997  0.370335      0.373424      0.991728       0.306569       0.187656   \n",
       "99998  0.409035      0.387716      1.054986       0.311092       0.020411   \n",
       "99999  0.515404      0.423242      1.217753       0.037527       0.052386   \n",
       "\n",
       "       ITSA4.SA Peso  USIM5.SA Peso  VVAR3.SA Peso  MILS3.SA Peso  \n",
       "0           0.010147       0.061122       0.244198       0.297158  \n",
       "1           0.239047       0.062927       0.183615       0.116661  \n",
       "2           0.338476       0.081458       0.029295       0.211590  \n",
       "3           0.286169       0.216250       0.020246       0.057571  \n",
       "4           0.146356       0.162695       0.206554       0.152343  \n",
       "...              ...            ...            ...            ...  \n",
       "99995       0.180336       0.082707       0.337569       0.041809  \n",
       "99996       0.085799       0.211290       0.141557       0.062798  \n",
       "99997       0.084687       0.020317       0.201248       0.199523  \n",
       "99998       0.094798       0.084108       0.151258       0.338333  \n",
       "99999       0.163168       0.218210       0.269202       0.259507  \n",
       "\n",
       "[100000 rows x 9 columns]"
      ]
     },
     "execution_count": 40,
     "metadata": {},
     "output_type": "execute_result"
    }
   ],
   "source": [
    "carteira = {'Retorno': retorno_carteira,\n",
    "             'Volatilidade': volatilidade_carteira,\n",
    "             'Sharpe Ratio': sharpe_ratio}\n",
    "\n",
    "for contar,acao in enumerate(acoes):\n",
    "    carteira[acao+' Peso'] = [Peso[contar] for Peso in peso_acoes]\n",
    "\n",
    "# vamos transformar nosso dicionário em um dataframe\n",
    "df = pd.DataFrame(carteira)\n",
    "\n",
    "# vamos nomear as colunas do novo dataframe\n",
    "colunas = ['Retorno', 'Volatilidade', 'Sharpe Ratio'] + [acao+' Peso' for acao in acoes]\n",
    "df = df[colunas]\n",
    "df"
   ]
  },
  {
   "cell_type": "markdown",
   "metadata": {},
   "source": [
    "### Criando o gráfico da fronteira eficiente"
   ]
  },
  {
   "cell_type": "code",
   "execution_count": 41,
   "metadata": {},
   "outputs": [
    {
     "data": {
